0.0
0.02588235294117647
0.0776470588235294
0.09058823529411764
0.12941176470588237
0.18117647058823527
0.19411764705882353
0.19411764705882353
0.23294117647058823
0.2976470588235294
0.2976470588235294
0.3235294117647059
0.3494117647058823
0.4011764705882353
0.4011764705882353
0.45294117647058824
0.45294117647058824
0.5176470588235295
0.5435294117647058
0.5564705882352942
0.5564705882352942
0.608235294117647
0.6211764705882352
0.6599999999999999
0.6599999999999999
0.711764705882353
0.711764705882353
0.7635294117647058
0.7635294117647058
0.7894117647058823
0.8152941176470587
0.8152941176470587
0.8670588235294118
0.9058823529411765
0.9188235294117646
0.9447058823529411
0.9576470588235294
0.9835294117647058
0.9964705882352941
1.0094117647058822
1.0482352941176472
1.0741176470588234
1.0870588235294116
1.1129411764705883
1.1258823529411763
1.1258823529411763
1.1647058823529413
1.1776470588235295
1.2035294117647057
1.2035294117647057
1.2423529411764704
1.2552941176470587
1.268235294117647
1.3070588235294116
1.3070588235294116
1.3199999999999998
1.3458823529411765
1.3458823529411765
1.3717647058823528
1.4105882352941177
1.3976470588235292
1.436470588235294
1.436470588235294
1.4623529411764704
1.5011764705882351
1.488235294117647
1.488235294117647
1.5141176470588233
1.5529411764705883
1.5658823529411763
1.5658823529411763
1.5917647058823527
1.6047058823529412
1.6305882352941174
1.6305882352941174
1.6435294117647057
1.6435294117647057
1.6435294117647057
1.6952941176470586
1.6952941176470586
1.7082352941176469
1.7341176470588235
1.7470588235294118
1.772941176470588
1.7599999999999998
1.7858823529411765
1.7988235294117647
1.811764705882353
1.824705882352941
1.8505882352941176
1.8505882352941176
1.8764705882352941
1.9023529411764704
1.9023529411764704
1.9152941176470588
1.9152941176470588
1.928235294117647
1.9411764705882353
1.9670588235294115
1.98
1.98
2.0058823529411764
1.9929411764705882
2.031764705882353
2.031764705882353
2.044705882352941
2.057647058823529
2.057647058823529
2.057647058823529
2.057647058823529
2.057647058823529
2.0964705882352943
2.1094117647058823
2.135294117647059
2.135294117647059
2.135294117647059
2.148235294117647
2.1741176470588233
2.1741176470588233
2.1741176470588233
2.1870588235294113
2.1870588235294113
2.2258823529411766
2.212941176470588
2.2258823529411766
2.2388235294117647
2.264705882352941
2.2517647058823527
2.277647058823529
2.277647058823529
2.2905882352941176
2.2905882352941176
2.2905882352941176
2.3294117647058825
2.316470588235294
2.3294117647058825
2.3294117647058825
2.3423529411764705
2.3423529411764705
2.355294117647059
2.355294117647059
2.368235294117647
2.4070588235294115
2.3941176470588235
2.4070588235294115
2.3941176470588235
2.4070588235294115
2.42
2.4458823529411764
2.4458823529411764
2.458823529411765
2.484705882352941
2.471764705882353
2.484705882352941
2.484705882352941
2.4976470588235293
2.4976470588235293
2.5105882352941173
2.4976470588235293
2.5105882352941173
2.5105882352941173
2.523529411764706
2.523529411764706
2.523529411764706
2.536470588235294
2.549411764705882
2.549411764705882
2.5752941176470587
2.5752941176470587
2.588235294117647
2.5752941176470587
2.601176470588235
2.601176470588235
2.601176470588235
2.614117647058823
2.588235294117647
2.614117647058823
2.6270588235294117
2.614117647058823
2.6270588235294117
2.6399999999999997
2.6270588235294117
2.6270588235294117
2.6399999999999997
2.6399999999999997
2.665882352941176
2.652941176470588
2.665882352941176
2.678823529411764
2.678823529411764
2.691764705882353
2.678823529411764
2.678823529411764
2.704705882352941
2.7176470588235295
2.691764705882353
2.7176470588235295
2.7176470588235295
2.7176470588235295
2.7305882352941175
2.7435294117647056
2.7435294117647056
2.7435294117647056
2.756470588235294
2.769411764705882
2.769411764705882
2.756470588235294
2.769411764705882
2.769411764705882
2.7823529411764705
2.7823529411764705
2.769411764705882
2.7952941176470585
2.769411764705882
2.8082352941176465
2.8082352941176465
2.8082352941176465
2.7952941176470585
2.7952941176470585
2.8211764705882354
2.8082352941176465
2.8341176470588234
2.8341176470588234
2.8341176470588234
2.8211764705882354
2.8341176470588234
2.872941176470588
2.847058823529412
2.86
2.86
2.86
2.86
2.847058823529412
2.86
2.847058823529412
2.872941176470588
2.86
2.8858823529411763
2.8858823529411763
2.872941176470588
2.8988235294117644
2.8988235294117644
2.8988235294117644
2.8988235294117644
2.8988235294117644
2.8988235294117644
2.8988235294117644
2.8988235294117644
2.911764705882353
2.911764705882353
2.911764705882353
2.911764705882353
2.924705882352941
2.911764705882353
2.9505882352941177
2.937647058823529
2.937647058823529
2.937647058823529
2.9505882352941177
2.937647058823529
2.9505882352941177
2.9505882352941177
2.937647058823529
2.9505882352941177
2.9505882352941177
2.976470588235294
2.976470588235294
2.9635294117647057
2.9635294117647057
2.989411764705882
2.9635294117647057
2.9635294117647057
2.976470588235294
2.9635294117647057
2.976470588235294
2.989411764705882
2.976470588235294
2.976470588235294
2.989411764705882
3.0023529411764702
3.0023529411764702
2.976470588235294
2.989411764705882
3.0023529411764702
3.0152941176470587
2.989411764705882
3.0282352941176467
3.0152941176470587
3.0023529411764702
3.0152941176470587
3.0282352941176467
3.0152941176470587
3.0282352941176467
3.0282352941176467
3.0282352941176467
3.0282352941176467
3.0152941176470587
3.0282352941176467
3.0282352941176467
3.041176470588235
3.0023529411764702
2.976470588235294
2.9635294117647057
2.937647058823529
2.911764705882353
2.8988235294117644
2.872941176470588
2.847058823529412
2.8082352941176465
2.7952941176470585
2.769411764705882
2.769411764705882
2.7305882352941175
2.7176470588235295
2.691764705882353
2.665882352941176
2.6399999999999997
2.614117647058823
2.601176470588235
2.588235294117647
2.5623529411764703
2.549411764705882
2.5105882352941173
2.484705882352941
2.484705882352941
2.484705882352941
2.4458823529411764
2.432941176470588
2.381176470588235
2.368235294117647
2.381176470588235
2.3423529411764705
2.316470588235294
2.316470588235294
2.3035294117647056
2.277647058823529
2.2388235294117647
2.2258823529411766
2.2
2.2
2.1870588235294113
2.1611764705882353
2.1223529411764703
2.135294117647059
2.1223529411764703
2.083529411764706
2.057647058823529
2.057647058823529
2.044705882352941
2.031764705882353
2.0188235294117645
2.0058823529411764
1.9929411764705882
1.9541176470588233
1.9541176470588233
1.9411764705882353
1.9023529411764704
1.8894117647058821
1.8894117647058821
1.8505882352941176
1.8635294117647059
1.8376470588235292
1.824705882352941
1.811764705882353
1.811764705882353
1.772941176470588
1.772941176470588
1.7470588235294118
1.7470588235294118
1.7341176470588235
1.7082352941176469
1.7082352941176469
1.6823529411764706
1.6694117647058824
1.6564705882352941
1.6564705882352941
1.6435294117647057
1.6176470588235294
1.6176470588235294
1.6047058823529412
1.5788235294117645
1.5658823529411763
1.5529411764705883
1.5529411764705883
1.5529411764705883
1.5270588235294116
1.5141176470588233
1.5141176470588233
1.4752941176470589
1.4752941176470589
1.4752941176470589
1.4494117647058822
1.423529411764706
1.423529411764706
1.423529411764706
1.4105882352941177
1.4105882352941177
1.384705882352941
1.3588235294117648
1.3588235294117648
1.3588235294117648
1.3588235294117648
1.3458823529411765
1.332941176470588
1.3070588235294116
1.3070588235294116
1.2941176470588236
1.2811764705882351
1.2552941176470587
1.2552941176470587
1.2423529411764704
1.2294117647058824
1.2423529411764704
1.2294117647058824
1.2035294117647057
1.1905882352941175
1.1905882352941175
1.1905882352941175
1.1776470588235295
1.1776470588235295
1.1647058823529413
1.1388235294117646
1.1388235294117646
1.1388235294117646
1.1258823529411763
1.1129411764705883
1.1
1.0870588235294116
1.0870588235294116
1.0741176470588234
1.0611764705882352
1.0611764705882352
1.0482352941176472
1.0223529411764705
1.0223529411764705
1.035294117647059
1.0094117647058822
1.0094117647058822
1.0094117647058822
0.9964705882352941
0.9835294117647058
0.9835294117647058
0.9835294117647058
0.9576470588235294
0.9835294117647058
0.9705882352941176
0.9447058823529411
0.9447058823529411
0.9317647058823529
0.9188235294117646
0.8929411764705882
0.9058823529411765
0.9058823529411765
0.9058823529411765
0.8799999999999999
0.8799999999999999
0.8799999999999999
0.8541176470588234
0.8541176470588234
0.8152941176470587
0.8282352941176471
0.8152941176470587
0.8282352941176471
0.8152941176470587
0.8152941176470587
0.8152941176470587
0.8023529411764706
0.8023529411764706
0.7894117647058823
0.8023529411764706
0.7764705882352941
0.7764705882352941
0.7505882352941176
0.7635294117647058
0.7505882352941176
0.7376470588235294
0.7505882352941176
0.7247058823529411
0.7376470588235294
0.711764705882353
0.7247058823529411
0.7247058823529411
0.7247058823529411
0.7247058823529411
0.6988235294117646
0.6988235294117646
0.6988235294117646
0.6729411764705883
0.6599999999999999
0.6729411764705883
0.6729411764705883
0.6729411764705883
0.6470588235294118
0.6470588235294118
0.6470588235294118
0.6341176470588235
0.6211764705882352
0.6470588235294118
0.6341176470588235
0.6341176470588235
0.6211764705882352
0.608235294117647
0.5952941176470588
0.608235294117647
0.608235294117647
0.5823529411764706
0.5694117647058823
0.5952941176470588
0.5564705882352942
0.5564705882352942
0.5694117647058823
0.5435294117647058
0.5694117647058823
0.5564705882352942
0.5564705882352942
0.5305882352941176
0.5435294117647058
0.5176470588235295
0.5435294117647058
0.5176470588235295
0.5176470588235295
0.5047058823529411
0.5047058823529411
0.5047058823529411
0.5047058823529411
0.4917647058823529
0.4917647058823529
0.4917647058823529
0.4917647058823529
0.4788235294117647
0.4788235294117647
0.4917647058823529
0.4788235294117647
0.45294117647058824
0.46588235294117647
0.46588235294117647
0.46588235294117647
0.4270588235294117
0.45294117647058824
0.45294117647058824
0.45294117647058824
0.45294117647058824
0.4270588235294117
0.43999999999999995
0.4270588235294117
0.43999999999999995
0.4011764705882353
0.4011764705882353
0.41411764705882353
0.4011764705882353
0.4011764705882353
0.38823529411764707
0.38823529411764707
0.4011764705882353
0.38823529411764707
0.4011764705882353
0.38823529411764707
0.3752941176470588
0.4011764705882353
0.38823529411764707
0.3752941176470588
0.3752941176470588
0.3752941176470588
0.3752941176470588
0.3494117647058823
0.36235294117647054
0.36235294117647054
0.36235294117647054
0.33647058823529413
0.33647058823529413
0.3494117647058823
0.36235294117647054
0.33647058823529413
0.3235294117647059
0.3235294117647059
0.3235294117647059
0.33647058823529413
0.3235294117647059
0.2976470588235294
0.33647058823529413
0.3105882352941176
0.33647058823529413
0.3235294117647059
0.3105882352941176
0.3105882352941176
0.2976470588235294
0.3105882352941176
0.3105882352941176
0.3105882352941176
0.2976470588235294
0.28470588235294114
0.28470588235294114
0.2976470588235294
0.2976470588235294
0.3105882352941176
0.28470588235294114
0.28470588235294114
0.2976470588235294
0.28470588235294114
0.25882352941176473
0.2717647058823529
0.2717647058823529
0.25882352941176473
0.2717647058823529
0.25882352941176473
0.2717647058823529
0.24588235294117644
0.2717647058823529
0.23294117647058823
0.24588235294117644
0.25882352941176473
0.24588235294117644
0.23294117647058823
0.24588235294117644
0.25882352941176473
0.24588235294117644
0.24588235294117644
0.23294117647058823
0.24588235294117644
0.21999999999999997